3.022889399999999682e+02 2.943549807956587827e+00
3.025401999999999703e+02 2.915254237288136707e+00
3.027915099999999597e+02 2.906938228972127281e+00
3.030417699999999854e+02 2.916452306282814266e+00
3.032942299999999705e+02 2.934141442616018391e+00
3.035452399999999784e+02 2.950562035307799036e+00
3.037948199999999588e+02 2.968885443461713347e+00
3.040456199999999853e+02 2.991930652947601743e+00
3.042958099999999604e+02 3.018429120124036302e+00
3.045469200000000001e+02 3.042496211987737897e+00
3.047978799999999637e+02 3.070474646745832370e+00
3.050454099999999471e+02 3.107227175023785648e+00
3.052933899999999880e+02 3.142640685013565971e+00
3.055453499999999849e+02 3.167165862081116945e+00
3.057948199999999588e+02 3.195743331336553084e+00
3.060453699999999913e+02 3.226117904084005783e+00
3.062963599999999929e+02 3.252651608583812415e+00
3.065482499999999959e+02 3.273476866697206500e+00
3.067984500000000025e+02 3.299023926142570673e+00
3.070492299999999659e+02 3.328376616512210173e+00
3.073008299999999622e+02 3.353923675957574790e+00
3.075512099999999691e+02 3.379365023432820969e+00
3.078019400000000019e+02 3.407695831424643718e+00
3.080522999999999456e+02 3.435180943655520736e+00
3.083026699999999778e+02 3.456816660206492031e+00
3.085526399999999967e+02 3.475985764121356070e+00
3.088006199999999808e+02 3.501427111596602693e+00
3.090453599999999597e+02 3.531061700553227212e+00
3.092947899999999777e+02 3.556890658585573739e+00
3.095462199999999484e+02 3.579125409633884036e+00
3.097965699999999742e+02 3.607103844391978509e+00
3.100462499999999864e+02 3.638676486134112320e+00
3.102970699999999624e+02 3.676239472849643253e+00
3.105479100000000017e+02 3.701575108354768773e+00
3.107988100000000031e+02 3.723739384756333148e+00
3.110490999999999531e+02 3.757708164487824742e+00
3.112995199999999727e+02 3.799288206067866547e+00
3.115501899999999864e+02 3.825046689453469817e+00
3.118014299999999821e+02 3.856161245991754249e+00
3.120518500000000017e+02 3.890306212340110203e+00
3.123024299999999585e+02 3.925543535713026166e+00
3.125530399999999531e+02 3.962225589344233079e+00
3.128010899999999879e+02 4.002713273899715318e+00
3.130493999999999915e+02 4.040558159202228161e+00
3.132994299999999726e+02 4.072412699531343883e+00
3.135503899999999931e+02 4.099369251911625156e+00
3.138013399999999820e+02 4.130060960569434059e+00
3.140519899999999893e+02 4.165439233235843197e+00
3.143023899999999458e+02 4.195743331336552195e+00
3.145529199999999719e+02 4.232953944818351744e+00
3.148050999999999817e+02 4.275520631452836007e+00
3.150559399999999641e+02 4.319708234962471138e+00
3.153067299999999591e+02 4.374326086190492902e+00
3.155569299999999657e+02 4.422460269917896092e+00
3.158058199999999829e+02 4.460093731280170282e+00
3.160567800000000034e+02 4.502448993974418556e+00
3.163072499999999536e+02 4.546883258747664414e+00
3.165522399999999834e+02 4.595827900912645703e+00
3.168007799999999747e+02 4.657563691461996669e+00
3.170514200000000073e+02 4.726382184009303877e+00
3.173014200000000073e+02 4.782585714789103548e+00
3.175527999999999906e+02 4.844497691955318430e+00
3.178030099999999720e+02 4.911201945100249766e+00
3.180534799999999791e+02 4.985940307974205510e+00
3.183053999999999633e+02 5.085415271855951325e+00
3.185562599999999520e+02 5.179569399908381833e+00
3.188067399999999907e+02 5.277775820148700170e+00
3.190574899999999730e+02 5.388315303569539694e+00
3.193082899999999995e+02 5.509461221325628877e+00
3.195584099999999808e+02 5.633426124951547820e+00
3.198088300000000004e+02 5.766905105888157301e+00
3.200594699999999762e+02 5.913104760562386097e+00
3.203070899999999597e+02 6.081081081081079809e+00
3.205549999999999500e+02 6.249973572007469613e+00
3.208051999999999566e+02 6.433313365516755589e+00
3.210556499999999573e+02 6.635787025617533530e+00
3.213071599999999535e+02 6.856020296698262406e+00
3.215576699999999732e+02 7.086895239437613014e+00
3.218090899999999692e+02 7.353606540047217699e+00
3.220600999999999772e+02 7.639416469924944941e+00
3.223099899999999707e+02 7.960534197822332736e+00
3.225605599999999527e+02 8.303569540857676401e+00
3.228120299999999929e+02 8.665950174424750685e+00
3.230622499999999491e+02 9.046301842912013669e+00
3.233122499999999491e+02 9.461714648155327367e+00
3.235619899999999802e+02 9.921244582261531164e+00
3.238123899999999935e+02 1.042915536135875243e+01
3.240622599999999807e+02 1.097459388984812811e+01
3.243051099999999565e+02 1.157271221678001361e+01
3.245535799999999540e+02 1.221047253250643116e+01
3.248042499999999677e+02 1.290810106064343543e+01
3.250557499999999891e+02 1.365005814158356579e+01
3.253055299999999761e+02 1.444606927657775408e+01
3.255553400000000011e+02 1.530737517178195262e+01
3.258062999999999647e+02 1.623485676028048985e+01
3.260572099999999978e+02 1.723147397723668917e+01
3.263080400000000054e+02 1.831181507452694035e+01
3.265580999999999676e+02 1.945871947566863014e+01
3.268094099999999571e+02 2.067771944043130361e+01
3.270593499999999949e+02 2.197625004404665816e+01
3.273085800000000063e+02 2.335758835758835872e+01
3.275582299999999805e+02 2.482472955354311139e+01
3.278105699999999842e+02 2.636375488917861887e+01
3.280585299999999620e+02 2.798058423482152079e+01
3.283071199999999976e+02 2.965781035272560473e+01
3.285571599999999535e+02 3.138958384721096451e+01
3.288077999999999861e+02 3.317569329433736414e+01
3.290582499999999868e+02 3.498752598752599141e+01
3.293079799999999864e+02 3.679992247788858606e+01
3.295588199999999688e+02 3.860569435145706052e+01
3.298087299999999686e+02 4.037830790373163836e+01
3.300594699999999762e+02 4.209686740195215293e+01
3.303085999999999558e+02 4.373702385566792827e+01
3.305598699999999894e+02 4.525476584798619228e+01
3.308102000000000089e+02 4.661242468022129515e+01
3.310599300000000085e+02 4.780675851862292802e+01
3.313108499999999594e+02 4.880499665245427821e+01
3.315616199999999480e+02 4.958627858627858842e+01
3.318089699999999880e+02 5.013746079847774695e+01
3.320524799999999459e+02 5.043623806335671134e+01
3.323013699999999631e+02 5.046929067268050773e+01
3.325507399999999620e+02 5.025053736918143699e+01
3.328008699999999749e+02 4.978660276965361930e+01
3.330507499999999936e+02 4.907128510518341358e+01
3.333008899999999812e+02 4.814574156947038830e+01
3.335519600000000082e+02 4.701208640191691757e+01
3.338037999999999670e+02 4.569184960710384757e+01
3.340543099999999868e+02 4.422076183093132329e+01
3.343043499999999995e+02 4.263205186934000324e+01
3.345548099999999749e+02 4.094739067620423612e+01
3.348042099999999550e+02 3.918133126607703076e+01
3.350550899999999501e+02 3.738472109658550835e+01
3.353051999999999566e+02 3.559353747489340947e+01
3.355550499999999943e+02 3.381296028753656202e+01
3.358024100000000089e+02 3.206170055322598245e+01
3.360518899999999576e+02 3.036294443074104166e+01
3.363018199999999638e+02 2.873272490221642528e+01
3.365516199999999571e+02 2.718224743648472597e+01
3.368023399999999583e+02 2.570076464991719334e+01
3.370521099999999706e+02 2.429726205997392441e+01
3.373027799999999843e+02 2.300391134289439421e+01
3.375527299999999968e+02 2.180911941928891196e+01
3.378044299999999680e+02 2.070791782656189284e+01
3.380549199999999814e+02 1.968977060502484377e+01
3.383058499999999640e+02 1.875164734486768481e+01
3.385548699999999940e+02 1.790595158391768749e+01
3.388058499999999640e+02 1.713964551252686874e+01
3.390557399999999575e+02 1.643317241622326463e+01
3.393063599999999838e+02 1.579710349201874742e+01
3.395523599999999647e+02 1.522752739701892288e+01
3.397979299999999512e+02 1.471810141301666697e+01
3.400484399999999710e+02 1.426392755206314433e+01
3.402979199999999764e+02 1.386102399661721662e+01
3.405481999999999516e+02 1.351020120511645928e+01
3.407983899999999835e+02 1.318767398428415483e+01
3.410487099999999714e+02 1.289252616371260451e+01
3.412997399999999857e+02 1.264248211705838898e+01
3.415518199999999638e+02 1.241756228196906164e+01
3.418023499999999899e+02 1.221033158321293932e+01
3.420515499999999633e+02 1.203699918954156267e+01
3.423013999999999442e+02 1.187892455689065940e+01
3.425537099999999668e+02 1.175207019274815856e+01
3.428032899999999472e+02 1.162909193417667986e+01
3.430532899999999472e+02 1.153247119348814387e+01
3.433023599999999647e+02 1.143003629444307379e+01
3.435495099999999979e+02 1.135078755417738527e+01
3.438004599999999868e+02 1.128299094400789393e+01
3.440510099999999625e+02 1.122442651256210588e+01
3.443019399999999450e+02 1.116582684379294577e+01
3.445518099999999890e+02 1.112474012474012675e+01
3.448016399999999635e+02 1.108844568166602151e+01
3.450517599999999447e+02 1.104446950209662148e+01
3.453025299999999902e+02 1.099852003241833742e+01
3.455540300000000116e+02 1.098002043764755520e+01
3.458046699999999873e+02 1.096719405193981522e+01
3.460552199999999630e+02 1.094168222981782357e+01
3.463057099999999764e+02 1.092808062299587846e+01
3.465563399999999774e+02 1.091102575848338496e+01
3.468063799999999901e+02 1.088988336445963689e+01
3.470575199999999541e+02 1.087318087318087478e+01
3.473039599999999609e+02 1.087099615913175299e+01
3.475506599999999935e+02 1.086944571690334449e+01
3.477999699999999734e+02 1.085799358680714555e+01
3.480502099999999928e+02 1.084594242221360894e+01
3.483014099999999758e+02 1.084946615455090146e+01
3.485519799999999577e+02 1.085200324183374931e+01
3.488025000000000091e+02 1.084234821522957226e+01
3.490524899999999775e+02 1.084559004897987933e+01
3.493043399999999679e+02 1.083572359843546451e+01
3.495541999999999803e+02 1.081940871771380230e+01
3.498047799999999938e+02 1.083794354980795660e+01
3.500563599999999838e+02 1.085094612213256404e+01
3.503064599999999587e+02 1.083663976884315971e+01
3.505565399999999840e+02 1.083121322104372908e+01
3.508063899999999649e+02 1.083505408929137737e+01
3.510549499999999625e+02 1.083882448289228151e+01
3.513021999999999707e+02 1.083716832869375324e+01
3.515530299999999784e+02 1.084502625180591373e+01
3.518027399999999716e+02 1.083227034074491790e+01
3.520525000000000091e+02 1.083322174847598696e+01
3.523038599999999860e+02 1.084030445047394231e+01
3.525542100000000119e+02 1.083769688854434676e+01
3.528053999999999633e+02 1.084840903484971264e+01
3.530559199999999578e+02 1.084513196377603172e+01
3.533062899999999900e+02 1.084192536734909673e+01
3.535572799999999916e+02 1.083600549702244642e+01
3.538074399999999855e+02 1.084833856020296849e+01
3.540573399999999538e+02 1.086017830085626734e+01
3.543081300000000056e+02 1.085461080376334664e+01
3.545581799999999930e+02 1.086070686070686087e+01
3.548080099999999675e+02 1.086955142887346248e+01
3.550534399999999664e+02 1.086666196835688325e+01
3.553001799999999548e+02 1.085774692554353571e+01
3.555501199999999926e+02 1.087490750202614720e+01
3.558000700000000052e+02 1.087117234574861691e+01
3.560507900000000063e+02 1.086941047957997242e+01
3.563014799999999696e+02 1.086796574932168191e+01
3.565512999999999693e+02 1.087518940061312911e+01
3.568015100000000075e+02 1.087857218365692979e+01
3.570536599999999794e+02 1.085570316078790754e+01
3.573038699999999608e+02 1.087071426054476930e+01
3.575541399999999612e+02 1.087585890975721625e+01
3.578047399999999811e+02 1.087779696254272466e+01
